1.000281844919786112e+00 0.000000000000000000e+00
9.997833520528562889e-01 6.053805512087150238e-03
9.992039870928123291e-01 1.272751137095743876e-02
9.985854194492287395e-01 1.939795828415822460e-02
9.979277419194635401e-01 2.606527462408006826e-02
9.972309900464763066e-01 3.272953569861927758e-02
9.964951619805175742e-01 3.939076518739898641e-02
9.957202326793377356e-01 4.604894036819624781e-02
9.949061636300761124e-01 5.270399853508652560e-02
9.940529093200424215e-01 5.935584330868135666e-02
9.931604214563748423e-01 6.600435028478215949e-02
9.922286516695126846e-01 7.264937185566534839e-02
9.912575532126243205e-01 7.929074122083880349e-02
9.902470820035811361e-01 8.592827567813692002e-02
9.891971972401765179e-01 9.256177930651461605e-02
9.881078617407272890e-01 9.919104514819190865e-02
9.869790421098358912e-01 1.058158569847164748e-01
9.858107087945225944e-01 1.124359907861160884e-01
9.846028360731993168e-01 1.190512158977099499e-01
9.833554020050252475e-01 1.256612960164791848e-01
9.820683883573962936e-01 1.322659899983936738e-01
9.807417805228811902e-01 1.388650525296077076e-01
9.793755674327239147e-01 1.454582346876771848e-01
9.779697414712399395e-01 1.520452844136007953e-01
9.765242983936875953e-01 1.586259469112766274e-01
9.750392372489997683e-01 1.651999649876462195e-01
9.735145603080490595e-01 1.717670793441727350e-01
9.719502729976489119e-01 1.783270288282327865e-01
9.703463838402146546e-01 1.848795506513483955e-01
9.687029043988452104e-01 1.914243805798789555e-01
9.670198492274985069e-01 1.979612531027407363e-01
9.652972358258933294e-01 2.044899015798813113e-01
9.635350845987381563e-01 2.110100583745635749e-01
9.617334188189260447e-01 2.175214549719647061e-01
9.598922645943017695e-01 2.240238220861636431e-01
9.580116508376690376e-01 2.305168897572303643e-01
9.560916092396978261e-01 2.370003874398459442e-01
9.541321742444229814e-01 2.434740440846496212e-01
9.521333830270581888e-01 2.499375882133155480e-01
9.500952754738554162e-01 2.563907479882083229e-01
9.480178941637789070e-01 2.628332512773356444e-01
9.459012843517728975e-01 2.692648257152104319e-01
9.437454939534297704e-01 2.756851987601476872e-01
9.415505735308755675e-01 2.820940977484419077e-01
9.393165762797185403e-01 2.884912499458100466e-01
9.370435580169181877e-01 2.948763825964366148e-01
9.347315771694403308e-01 3.012492229699023638e-01
9.323806947635846498e-01 3.076094984062490711e-01
9.299909744148864288e-01 3.139569363593921469e-01
9.275624823184920320e-01 3.202912644390718544e-01
9.250952872399277327e-01 3.266122104515004620e-01
9.225894605061922826e-01 3.329195024388514890e-01
9.200450759970990600e-01 3.392128687177097812e-01
9.174622101368149485e-01 3.454920379165926647e-01
9.148409418855331099e-01 3.517567390126352112e-01
9.121813527312401249e-01 3.580067013675198861e-01
9.094835266815304298e-01 3.642416547627231882e-01
9.067475502554285249e-01 3.704613294341423391e-01
9.039735124751853146e-01 3.766654561061537621e-01
9.011615048580097209e-01 3.828537660251541963e-01
8.983116214077202510e-01 3.890259909926246373e-01
8.954239586062782141e-01 3.951818633977536299e-01
8.924986154051826048e-01 4.013211162496507223e-01
8.895356932167115538e-01 4.074434832091790026e-01
8.865352959049780379e-01 4.135486986204309212e-01
8.834975297767981850e-01 4.196364975418658272e-01
8.804225035723435289e-01 4.257066157771293158e-01
8.773103284555711090e-01 4.317587899055731482e-01
8.741611180044133178e-01 4.377927573124788529e-01
8.709749882007219446e-01 4.438082562190089342e-01
8.677520574199490966e-01 4.498050257118876294e-01
8.644924464205627768e-01 4.557828057728195437e-01
8.611962783331833515e-01 4.617413373076573735e-01
8.578636786494373556e-01 4.676803621753193307e-01
8.544947752105216399e-01 4.735996232164625952e-01
8.510896981954716445e-01 4.794988642819187352e-01
8.476485801091291350e-01 4.853778302608883211e-01
8.441715557698069583e-01 4.912362671088996713e-01
8.406587622966448237e-01 4.970739218755328981e-01
8.371103390966579960e-01 5.028905427319074750e-01
8.335264278514717962e-01 5.086858789979332718e-01
8.299071725037452385e-01 5.144596811693266103e-01
8.262527192432775891e-01 5.202117009443822937e-01
8.225632164928022849e-01 5.259416912505113784e-01
8.188388148934654387e-01 5.316494062705279244e-01
8.150796672899889295e-01 5.373346014686959382e-01
8.112859287155161914e-01 5.429970336165214073e-01
8.074577563761485832e-01 5.486364608182934255e-01
8.035953096351599045e-01 5.542526425363687448e-01
7.996987499969063773e-01 5.598453396161926499e-01
7.957682410904161063e-01 5.654143143110628156e-01
7.918039486526710080e-01 5.709593303066177183e-01
7.878060405115793197e-01 5.764801527450593710e-01
7.837746865686355813e-01 5.819765482491002784e-01
7.797100587812771932e-01 5.874482849456297284e-01
7.756123311449359958e-01 5.928951324891018615e-01
7.714816796747846483e-01 5.983168620846391894e-01
7.673182823871879110e-01 6.037132465108441259e-01
7.631223192808535005e-01 6.090840601423209710e-01
7.588939723176961749e-01 6.144290789719033530e-01
7.546334254034076094e-01 6.197480806325788016e-01
7.503408643677462742e-01 6.250408444191152268e-01
7.460164769445443156e-01 6.303071513093759792e-01
7.416604527514414347e-01 6.355467839853262690e-01
7.372729832693449836e-01 6.407595268537260580e-01
7.328542618216288274e-01 6.459451660665019856e-01
7.284044835530660844e-01 6.511034895407989964e-01
7.239238454085104024e-01 6.562342869787024524e-01
7.194125461113244357e-01 6.613373498866346178e-01
7.148707861415618536e-01 6.664124715944138577e-01
7.102987677139150913e-01 6.714594472739767728e-01
7.056966947554198510e-01 6.764780739577609392e-01
7.010647728829358938e-01 6.814681505567412589e-01
6.964032093804068957e-01 6.864294778781200312e-01
6.917122131758944859e-01 6.913618586426648616e-01
6.869919948184087799e-01 6.962650975016924093e-01
6.822427664545257509e-01 7.011390010536968642e-01
6.774647418048087566e-01 7.059833778606160459e-01
6.726581361400347792e-01 7.107980384637366811e-01
6.678231662572300387e-01 7.155827953992335289e-01
6.629600504555281937e-01 7.203374632133396904e-01
6.580690085118467980e-01 7.250618584771499897e-01
6.531502616563992225e-01 7.297557998010495428e-01
6.482040325480405984e-01 7.344191078487664059e-01
6.432305452494573306e-01 7.390516053510530758e-01
6.382300252022055087e-01 7.436531171189834089e-01
6.332026992016088762e-01 7.482234700568733965e-01
6.281487953715125805e-01 7.527624931748211345e-01
6.230685431389115791e-01 7.572700176008583250e-01
6.179621732084532582e-01 7.617458765927243025e-01
6.128299175368205898e-01 7.661899055492494837e-01
6.076720093070047124e-01 7.706019420213533477e-01
6.024886829024754809e-01 7.749818257226578355e-01
5.972801738812533179e-01 7.793293985397079515e-01
5.920467189498833660e-01 7.836445045418055644e-01
5.867885559373350324e-01 7.879269899904540742e-01
5.815059237688186000e-01 7.921767033484115039e-01
5.761990624395288974e-01 7.963934952883567897e-01
5.708682129883287937e-01 8.005772187011623853e-01
5.655136174713737418e-01 8.047277287037766236e-01
5.601355189356823638e-01 8.088448826467202757e-01
5.547341613926664028e-01 8.129285401211902018e-01
5.493097897916217054e-01 8.169785629657729809e-01
5.438626499931876745e-01 8.209948152727727377e-01
5.383929887427829630e-01 8.249771633941469506e-01
5.329010536440238477e-01 8.289254759470602307e-01
5.273870931321328337e-01 8.328396238190460821e-01
5.218513564473411526e-01 8.367194801727888542e-01
5.162940936082929255e-01 8.405649204505151184e-01
5.107155553854626495e-01 8.443758223780087890e-01
5.051159932745797887e-01 8.481520659682380003e-01
4.994956594700850627e-01 8.518935335246059504e-01
4.938548068386057199e-01 8.556001096438227149e-01
4.881936888924720552e-01 8.592716812183969211e-01
4.825125597632686225e-01 8.629081374387551628e-01
4.768116741754348520e-01 8.665093697949881602e-01
4.710912874199187361e-01 8.700752720782229943e-01
4.653516553278866374e-01 8.736057403816280820e-01
4.595930342444977668e-01 8.771006731010554391e-01
4.538156810027503818e-01 8.805599709353082449e-01
4.480198528974014827e-01 8.839835368860592402e-01
4.422058076589684417e-01 8.873712762574000879e-01
4.363738034278184519e-01 8.907230966550432338e-01
4.305240987283495135e-01 8.940389079851633891e-01
4.246569524432696197e-01 8.973186224528927335e-01
4.187726237879802471e-01 9.005621545604671763e-01
4.128713722850667067e-01 9.037694211050293358e-01
4.069534577389037344e-01 9.069403411760925682e-01
4.010191402103802649e-01 9.100748361526658226e-01
3.950686799917487169e-01 9.131728297000429873e-01
3.891023375816031749e-01 9.162342477662647200e-01
3.831203736599904652e-01 9.192590185782527623e-01
3.771230490636649502e-01 9.222470726376190697e-01
3.711106247614812115e-01 9.251983427161560858e-01
3.650833618299400007e-01 9.281127638510129341e-01
3.590415214288837920e-01 9.309902733395571950e-01
3.529853647773529279e-01 9.338308107339307051e-01
3.469151531296022495e-01 9.366343178352987131e-01
3.408311477512834808e-01 9.394007386877998300e-01
3.347336098957974793e-01 9.421300195722012161e-01
3.286228007808231211e-01 9.448221089992608901e-01
3.224989815650224356e-01 9.474769577028011591e-01
3.163624133249282044e-01 9.500945186325011615e-01
3.102133570320171341e-01 9.526747469464073026e-01
3.040520735299737098e-01 9.552176000031705749e-01
2.978788235121458960e-01 9.577230373540132069e-01
2.916938674991955138e-01 9.601910207344297454e-01
2.854974658169547319e-01 9.626215140556252381e-01
2.792898785744769574e-01 9.650144833956971757e-01
2.730713656422996127e-01 9.673698969905650813e-01
2.668421866309141910e-01 9.696877252246538514e-01
2.606026008694475316e-01 9.719679406213298511e-01
2.543528673845582011e-01 9.742105178331020854e-01
2.480932448795518108e-01 9.764154336315880034e-01
2.418239917137132156e-01 9.785826668972498199e-01
2.355453658818641161e-01 9.807121986089065713e-01
2.292576249941435662e-01 9.828040118330261254e-01
2.229610262560161871e-01 9.848580917128033629e-01
2.166558264485097529e-01 9.868744254570268604e-01
2.103422819086838147e-01 9.888530023287380732e-01
2.040206485103313316e-01 9.907938136336952306e-01
1.976911816449157810e-01 9.926968527086375005e-01
1.913541362027450787e-01 9.945621149093557545e-01
1.850097665543835035e-01 9.963895975985830322e-01
1.786583265323051506e-01 9.981793001336978222e-01
1.723000694127861943e-01 9.999312238542559239e-01
1.659352478980436196e-01 1.001645372069344564e+00
1.595641140986152895e-01 1.003321750044774419e+00
1.531869195159872299e-01 1.004960364990106880e+00
1.468039150254667191e-01 1.006561226045523449e+00
1.404153508593036226e-01 1.008124344268541694e+00
1.340214765900598071e-01 1.009649732620587104e+00
1.276225411142283828e-01 1.011137405953415502e+00
1.212187926361032453e-01 1.012587380995404907e+00
1.148104786518995141e-01 1.013999676337703493e+00
1.083978459341251588e-01 1.015374312420251890e+00
1.019811405162051460e-01 1.016711311517685568e+00
9.556060767735759243e-02 1.018010697725109992e+00
8.913649192772284124e-02 1.019272496943762096e+00
8.270903699374496099e-02 1.020496736866561838e+00
7.627848580380637566e-02 1.021683446963557396e+00
6.984508047411569498e-02 1.022832658467263789e+00
6.340906229484812029e-02 1.023944404357903792e+00
5.697067171653832918e-02 1.025018719348566476e+00
5.053014833672650474e-02 1.026055639870262937e+00
4.408773088685592062e-02 1.027055204056899873e+00
3.764365721942262988e-02 1.028017451730180554e+00
3.119816429537652230e-02 1.028942424384420740e+00
2.475148817177313942e-02 1.029830165171299772e+00
1.830386398967607381e-02 1.030680718884537717e+00
1.185552596230881293e-02 1.031494131944515447e+00
5.406707363455648570e-03 1.032270452382830550e+00
-1.042359483889039162e-03 1.033009729826799949e+00
-7.491443218624174727e-03 1.033712015483910118e+00
-1.394031345239870115e-02 1.034377362126223554e+00
-2.038874078022271177e-02 1.035005824074733294e+00
-2.683649679083382339e-02 1.035597457183692338e+00
-3.328335407682006530e-02 1.036152318824892671e+00
-3.972908624450013915e-02 1.036670467871923185e+00
-4.617346792356234741e-02 1.037151964684392969e+00
-5.261627477646350914e-02 1.037596871092133055e+00
-5.905728350758875783e-02 1.038005250379379074e+00
-6.549627187217420266e-02 1.038377167268928147e+00
-7.193301868499292484e-02 1.038712687906299115e+00
-7.836730382880660595e-02 1.039011879843860786e+00
-8.479890826258401626e-02 1.039274812024973293e+00
-9.122761402948709186e-02 1.039501554768111902e+00
-9.765320426462749392e-02 1.039692179750998813e+00
-1.040754632025946147e-01 1.039846759994736081e+00
-1.104941761847558629e-01 1.039965369847940524e+00
-1.169091296663326701e-01 1.040048084970897735e+00
-1.233201112232525654e-01 1.040094982319717642e+00
-1.297269095587795795e-01 1.040106140130516721e+00
-1.361293145099240487e-01 1.040081637903606859e+00
-1.425271170536362986e-01 1.040021556387715540e+00
-1.489201093127815734e-01 1.039925977564228665e+00
-1.553080845619020933e-01 1.039794984631455366e+00
-1.616908372327668375e-01 1.039628661988932778e+00
-1.680681629197107452e-01 1.039427095221747255e+00
-1.744398583847645290e-01 1.039190371084912634e+00
-1.808057215625797631e-01 1.038918577487768280e+00
-1.871655515651485246e-01 1.038611803478429074e+00
-1.935191486863207522e-01 1.038270139228270494e+00
-1.998663144061222918e-01 1.037893676016464095e+00
-2.062068513948739079e-01 1.037482506214562283e+00
-2.125405635171151997e-01 1.037036723271127503e+00
-2.188672558353342845e-01 1.036556421696421149e+00
-2.251867346135054959e-01 1.036041697047145327e+00
-2.314988073204390373e-01 1.035492645911233911e+00
-2.378032826329420091e-01 1.034909365892715094e+00
-2.440999704387945834e-01 1.034291955596627011e+00
-2.503886818395444358e-01 1.033640514613999528e+00
-2.566692291531189052e-01 1.032955143506902873e+00
-2.629414259162599632e-01 1.032235943793562205e+00
-2.692050868867816305e-01 1.031483017933535695e+00
-2.754600280456551697e-01 1.030696469312976316e+00
-2.817060665989202795e-01 1.029876402229954691e+00
-2.879430209794280882e-01 1.029022921879861219e+00
-2.941707108484170052e-01 1.028136134340879915e+00
-3.003889570969205391e-01 1.027216146559551735e+00
-3.065975818470175196e-01 1.026263066336400520e+00
-3.127964084529167299e-01 1.025277002311649976e+00
-3.189852615018855531e-01 1.024258063951022368e+00
-3.251639668150226314e-01 1.023206361531614927e+00
-3.313323514478771492e-01 1.022122006127866634e+00
-3.374902436909150150e-01 1.021005109597608929e+00
-3.436374730698383839e-01 1.019855784568201917e+00
-3.497738703457566878e-01 1.018674144422762273e+00
-3.558992675152135021e-01 1.017460303286480183e+00
-3.620134978100730816e-01 1.016214376013027554e+00
-3.681163956972642870e-01 1.014936478171051926e+00
-3.742077968783880659e-01 1.013626726030774305e+00
-3.802875382891911515e-01 1.012285236550671375e+00
-3.863554580989035925e-01 1.010912127364261393e+00
-3.924113957094487182e-01 1.009507516766978696e+00
-3.984551917545202659e-01 1.008071523703149008e+00
-4.044866880985378277e-01 1.006604267753059778e+00
-4.105057278354744543e-01 1.005105869120131556e+00
-4.165121552875639677e-01 1.003576448618188399e+00
-4.225058160038863142e-01 1.002016127658828859e+00
-4.284865567588388990e-01 1.000425028238893566e+00
-4.344542255504875716e-01 9.988032729280378330e-01
-4.404086715988079770e-01 9.971509848564032996e-01
-4.463497453438134421e-01 9.954682877023962595e-01
-4.522772984435738386e-01 9.937553056805653595e-01
-4.581911837721279745e-01 9.920121635295815476e-01
-4.640912554172901272e-01 9.902389865003280445e-01
-4.699773686783541016e-01 9.884359003440843505e-01
-4.758493800636974802e-01 9.866030313008264940e-01
-4.817071472882833438e-01 9.847405060876203153e-01
-4.875505292710691219e-01 9.828484518871298814e-01
-4.933793861323183538e-01 9.809269963362270417e-01
-4.991935791908201359e-01 9.789762675147036797e-01
-5.049929709610191386e-01 9.769963939340963188e-01
-5.107774251500534213e-01 9.749875045266103157e-01
-5.165468066547077575e-01 9.729497286341561857e-01
-5.223009815582849713e-01 9.708831959974856263e-01
-5.280398171273846808e-01 9.687880367454420050e-01
-5.337631818086144841e-01 9.666643813843075472e-01
-5.394709452252097748e-01 9.645123607872645444e-01
-5.451629781735813918e-01 9.623321061839608115e-01
-5.508391526197898846e-01 9.601237491501790622e-01
-5.564993416959441719e-01 9.578874215976178608e-01
-5.621434196965245933e-01 9.556232557637722724e-01
-5.677712620746450112e-01 9.533313842019244255e-01
-5.733827454382361966e-01 9.510119397712434308e-01
-5.789777475461713729e-01 9.486650556269821122e-01
-5.845561473043235923e-01 9.462908652107885343e-01
-5.901178247615602723e-01 9.438895022411183389e-01
-5.956626611056771159e-01 9.414611007037533286e-01
-6.011905386592716338e-01 9.390057948424251899e-01
-6.067013408755609349e-01 9.365237191495441316e-01
-6.121949523341402299e-01 9.340150083570342154e-01
-6.176712587366920415e-01 9.314797974272682746e-01
-6.231301469026352402e-01 9.289182215441116330e-01
-6.285715047647303377e-01 9.263304161040669671e-01
-6.339952213646279366e-01 9.237165167075214178e-01
-6.394011868483745475e-01 9.210766591501010625e-01
-6.447892924618693344e-01 9.184109794141234184e-01
-6.501594305462761181e-01 9.157196136601534198e-01
-6.555114945333895271e-01 9.130026982186612017e-01
-6.608453789409600709e-01 9.102603695817821361e-01
-6.661609793679833524e-01 9.074927643951736789e-01
-6.714581924899415410e-01 9.047000194499786874e-01
-6.767369160540148698e-01 9.018822716748812196e-01
-6.819970488742501669e-01 8.990396581282676935e-01
-6.872384908266999659e-01 8.961723159904818603e-01
-6.924611428445254235e-01 8.932803825561832500e-01
-6.976649069130675951e-01 8.903639952267976554e-01
-7.028496860648876243e-01 8.874232915030701996e-01
-7.080153843747798437e-01 8.844584089777097757e-01
-7.131619069547527889e-01 8.814694853281341835e-01
-7.182891599489887868e-01 8.784566583093086356e-01
-7.233970505287722341e-01 8.754200657466799651e-01
-7.284854868873981149e-01 8.723598455292049803e-01
-7.335543782350565367e-01 8.692761356024730768e-01
-7.386036347936947299e-01 8.661690739619246626e-01
-7.436331677918577299e-01 8.630387986461546257e-01
-7.486428894595106298e-01 8.598854477303180532e-01
-7.536327130228452909e-01 8.567091593196218824e-01
-7.586025526990629597e-01 8.535100715429050355e-01
-7.635523236911490041e-01 8.502883225463181427e-01
-7.684819421826264429e-01 8.470440504870802023e-01
-7.733913253322990400e-01 8.437773935273382708e-01
-7.782803912689801873e-01 8.404884898281035355e-01
-7.831490590862101309e-01 8.371774775432808680e-01
-7.879972488369634265e-01 8.338444948137868629e-01
-7.928248815283475137e-01 8.304896797617511428e-01
-7.976318791162876343e-01 8.271131704848035948e-01
-8.024181645002093077e-01 8.237151050504498695e-01
-8.071836615177150343e-01 8.202956214905291477e-01
-8.119282949392485627e-01 8.168548577957550627e-01
-8.166519904627607129e-01 8.133929519103422212e-01
-8.213546747083654287e-01 8.099100417267127705e-01
-8.260362752130011588e-01 8.064062650802876764e-01
-8.306967204250803594e-01 8.028817597443560494e-01
-8.353359396991448804e-01 7.993366634250286262e-01
-8.399538632905166891e-01 7.957711137562685222e-01
-8.445504223499510355e-01 7.921852482950015872e-01
-8.491255489182897298e-01 7.885792045163062536e-01
-8.536791759211149744e-01 7.849531198086832084e-01
-8.582112371634100789e-01 7.813071314693940117e-01
-8.627216673242185108e-01 7.776413766998901966e-01
-8.672104019513113826e-01 7.739559926013035440e-01
-8.716773774558563836e-01 7.702511161700261733e-01
-8.761225311070927058e-01 7.665268842933504745e-01
-8.805458010270154068e-01 7.627834337451939728e-01
-8.849471261850617720e-01 7.590209011818926932e-01
-8.893264463928086672e-01 7.552394231380697986e-01
-8.936837022986781065e-01 7.514391360225735061e-01
-8.980188353826464853e-01 7.476201761144853908e-01
-9.023317879509723527e-01 7.437826795592047402e-01
-9.066225031309231852e-01 7.399267823645976350e-01
-9.108909248655219226e-01 7.360526203972171944e-01
-9.151369979082984996e-01 7.321603293785921007e-01
-9.193606678180564762e-01 7.282500448815830696e-01
-9.235618809536485507e-01 7.243219023268053780e-01
-9.277405844687670600e-01 7.203760369791210039e-01
-9.318967263067468032e-01 7.164125839441957133e-01
-9.360302551953815220e-01 7.124316781651169883e-01
-9.401411206417531474e-01 7.084334544190815652e-01
-9.442292729270765905e-01 7.044180473141457011e-01
-9.482946631015607419e-01 7.003855912860357247e-01
-9.523372429792805738e-01 6.963362205950268669e-01
-9.563569651330701138e-01 6.922700693228759361e-01
-9.603537828894284090e-01 6.881872713698233834e-01
-9.643276503234405883e-01 6.840879604516481027e-01
-9.682785222537205749e-01 6.799722700967901767e-01
-9.722063542373690082e-01 6.758403336435239162e-01
-9.761111025649464867e-01 6.716922842371978453e-01
-9.799927242554695717e-01 6.675282548275273120e-01
-9.838511770514175581e-01 6.633483781659443856e-01
-9.876864194137697783e-01 6.591527868030073734e-01
-9.914984105170496775e-01 6.549416130858658480e-01
-9.952871102443960893e-01 6.507149891557758581e-01
-9.990524791826510542e-01 6.464730469456786421e-01
-1.002794478617469842e+00 6.422159181778248627e-01
-1.006513070528445963e+00 6.379437343614574596e-01
-1.010208217584267043e+00 6.336566267905453520e-01
-1.013879883137878801e+00 6.293547265415698755e-01
-1.017528031221676343e+00 6.250381644713622897e-01
-1.021152626542721098e+00 6.207070712149926894e-01
-1.024753634477969744e+00 6.163615771837088753e-01
-1.028331021069531115e+00 6.120018125629232975e-01
-1.031884753019947532e+00 6.076279073102546224e-01
-1.035414797687485899e+00 6.032399911536084902e-01
-1.038921123081469222e+00 5.988381935893147823e-01
-1.042403697857612777e+00 5.944226438803089652e-01
-1.045862491313400255e+00 5.899934710543567329e-01
-1.049297473383461465e+00 5.855508039023312739e-01
-1.052708614635001094e+00 5.810947709765273972e-01
-1.056095886263221040e+00 5.766255005890301710e-01
-1.059459260086788035e+00 5.721431208101218635e-01
-1.062798708543318149e+00 5.676477594667316273e-01
-1.066114204684880162e+00 5.631395441409325908e-01
-1.069405722173528250e+00 5.586186021684793612e-01
-1.072673235276860426e+00 5.540850606373864951e-01
-1.075916718863591859e+00 5.495390463865482689e-01
-1.079136148399163053e+00 5.449806860044040802e-01
-1.082331499941370678e+00 5.404101058276363778e-01
-1.085502750136012606e+00 5.358274319399145558e-01
-1.088649876212569367e+00 5.312327901706771494e-01
-1.091772855979912471e+00 5.266263060939480045e-01
-1.094871667822018502e+00 5.220081050271978551e-01
-1.097946290693730953e+00 5.173783120302378746e-01
-1.100996704116534719e+00 5.127370519041529739e-01
-1.104022888174355677e+00 5.080844491902690718e-01
-1.107024823509390909e+00 5.034206281691621099e-01
-1.110002491317957363e+00 4.987457128596939349e-01
-1.112955873346372693e+00 4.940598270180946439e-01
-1.115884951886859211e+00 4.893630941370669118e-01
-1.118789709773467589e+00 4.846556374449328408e-01
-1.121670130378032759e+00 4.799375799048124502e-01
-1.124526197606156019e+00 4.752090442138344195e-01
-1.127357895893207784e+00 4.704701528023795265e-01
-1.130165210200355208e+00 4.657210278333563935e-01
-1.132948126010621337e+00 4.609617912015098740e-01
-1.135706629324965578e+00 4.561925645327580825e-01
-1.138440706658393031e+00 4.514134691835638424e-01
-1.141150345036084035e+00 4.466246262403314460e-01
-1.143835531989555676e+00 4.418261565188395523e-01
-1.146496255552842181e+00 4.370181805636961236e-01
-1.149132504258710608e+00 4.322008186478287772e-01
-1.151744267134888755e+00 4.273741907719992295e-01
-1.154331533700334589e+00 4.225384166643488260e-01
-1.156894293961518994e+00 4.176936157799686633e-01
-1.159432538408738722e+00 4.128399073004982434e-01
-1.161946258012453326e+00 4.079774101337524939e-01
-1.164435444219653393e+00 4.031062429133717706e-01
-1.166900088950248549e+00 3.982265239985007810e-01
-1.169340184593478105e+00 3.933383714734905445e-01
-1.171755724004362786e+00 3.884419031476279982e-01
-1.174146700500159346e+00 3.835372365548872509e-01
-1.176513107856858698e+00 3.786244889537080383e-01
-1.178854940305704702e+00 3.737037773267953278e-01
-1.181172192529734266e+00 3.687752183809455131e-01
-1.183464859660349644e+00 3.638389285468925372e-01
-1.185732937273907606e+00 3.588950239791793284e-01
-1.187976421388343695e+00 3.539436205560498871e-01
-1.190195308459814250e+00 3.489848338793634652e-01
-1.192389595379366840e+00 3.440187792745326711e-01
-1.194559279469636248e+00 3.390455717904787836e-01
-1.196704358481563979e+00 3.340653261996114343e-01
-1.198824830591147528e+00 3.290781569978280530e-01
-1.200920694396205413e+00 3.240841784045320750e-01
-1.202991948913176623e+00 3.190835043626726319e-01
-1.205038593573938943e+00 3.140762485388022829e-01
-1.207060628222659693e+00 3.090625243231551744e-01
-1.209058053112660458e+00 3.040424448297444071e-01
-1.211030868903316238e+00 2.990161228964751117e-01
-1.212979076656969468e+00 2.939836710852790636e-01
-1.214902677835883571e+00 2.889452016822657288e-01
-1.216801674299205382e+00 2.839008266978895190e-01
-1.218676068299960447e+00 2.788506578671370306e-01
-1.220525862482073398e+00 2.737948066497279398e-01
-1.222351059877404555e+00 2.687333842303365472e-01
-1.224151663902823595e+00 2.636665015188251471e-01
-1.225927678357296546e+00 2.585942691504957147e-01
-1.227679107419000326e+00 2.535167974863586360e-01
-1.229405955642463244e+00 2.484341966134143986e-01
-1.231108227955727497e+00 2.433465763449493835e-01
-1.232785929657535640e+00 2.382540462208512511e-01
-1.234439066414540376e+00 2.331567155079345699e-01
-1.236067644258540765e+00 2.280546932002820160e-01
-1.237671669583740863e+00 2.229480880195994219e-01
-1.239251149144025899e+00 2.178370084155852315e-01
-1.240806090050272203e+00 2.127215625663128051e-01
-1.242336499767671576e+00 2.076018583786253258e-01
-1.243842386113087395e+00 2.024780034885451385e-01
-1.245323757252424057e+00 1.973501052616939699e-01
-1.246780621698028169e+00 1.922182707937269697e-01
-1.248212988306104609e+00 1.870826069107784928e-01
-1.249620866274166131e+00 1.819432201699187623e-01
-1.251004265138496496e+00 1.768002168596242429e-01
-1.252363194771635380e+00 1.716537030002572572e-01
-1.253697665379894799e+00 1.665037843445579813e-01
-1.255007687500891977e+00 1.613505663781473753e-01
-1.256293272001104411e+00 1.561941543200404126e-01
-1.257554430073448914e+00 1.510346531231698541e-01
-1.258791173234883987e+00 1.458721674749203501e-01
-1.260003513324027269e+00 1.407068017976723373e-01
-1.261191462498805871e+00 1.355386602493564296e-01
-1.262355033234122459e+00 1.303678467240161343e-01
-1.263494238319537999e+00 1.251944648523811709e-01
-1.264609090856991580e+00 1.200186180024493260e-01
-1.265699604258518463e+00 1.148404092800773130e-01
-1.266765792244016309e+00 1.096599415295802099e-01
-1.267807668839013413e+00 1.044773173343397504e-01
-1.268825248372463799e+00 9.929263901742049758e-02
-1.269818545474563631e+00 9.410600864219467732e-02
-1.270787575074595832e+00 8.891752801297450604e-02
-1.271732352398777133e+00 8.372729867565226192e-02
-1.272652892968149541e+00 7.853542191834821107e-02
-1.273549212596470026e+00 7.334199877206551421e-02
-1.274421327388143066e+00 6.814713001135243309e-02
-1.275269253736150743e+00 6.295091615497171167e-02
-1.276093008320021704e+00 5.775345746657616075e-02
-1.276892608103812554e+00 5.255485395539172960e-02
-1.277668070334106565e+00 4.735520537690619813e-02
-1.278419412538040589e+00 4.215461123356460671e-02
-1.279146652521341965e+00 3.695317077547060486e-02
-1.279849808366402275e+00 3.175098300109381599e-02
-1.280528898430344675e+00 2.654814665798282611e-02
-1.281183941343136734e+00 2.134476024348384154e-02
-1.281814956005707051e+00 1.614092200546482850e-02
-1.282421961588087189e+00 1.093672994304477862e-02
-1.283004977527572033e+00 5.732281807328235175e-03
-1.283564023526899023e+00 5.276751021446571179e-04
-1.284099119552447599e+00 -4.676992915207380842e-03
-1.284610285832457288e+00 -9.881625233211344117e-03
-1.285097542855259567e+00 -1.508612508537936908e-02
-1.285560911367541248e+00 -2.029039594949461067e-02
-1.286000412372612534e+00 -2.549434154684936116e-02
-1.286416067128701268e+00 -3.069786584147901967e-02
-1.286807897147266955e+00 -3.590087303939229479e-02
-1.287175924191327203e+00 -4.110326758779760115e-02
-1.287520170273806830e+00 -4.630495417432566735e-02
-1.287840657655905385e+00 -5.150583772624888618e-02
-1.288137408845477561e+00 -5.670582340969698709e-02
-1.288410446595441794e+00 -6.190481662886993669e-02
-1.288659793902196649e+00 -6.710272302524704358e-02
-1.288885474004059395e+00 -7.229944847679389830e-02
-1.289087510379719914e+00 -7.749489909716569813e-02
-1.289265926746718804e+00 -8.268898123490846241e-02
-1.289420747059933703e+00 -8.788160147265733357e-02
-1.289551995510089588e+00 -9.307266662633215115e-02
-1.289659696522285737e+00 -9.826208374433142989e-02
-1.289743874754535113e+00 -1.034497601067232569e-01
-1.289804555096325744e+00 -1.086356032244345515e-01
-1.289841762667199188e+00 -1.138195208384382706e-01
-1.289855522815343436e+00 -1.190014209189382416e-01
-1.289845861116200032e+00 -1.241812116645533287e-01
-1.289812803371094940e+00 -1.293588015014984771e-01
-1.289756375605882521e+00 -1.345340990827651184e-01
-1.289676604069603272e+00 -1.397070132873002024e-01
-1.289573515233164214e+00 -1.448774532191830500e-01
-1.289447135788027943e+00 -1.500453282068017757e-01
-1.289297492644924548e+00 -1.552105478020282814e-01
-1.289124612932574188e+00 -1.603730217793918056e-01
-1.288928523996431208e+00 -1.655326601352524740e-01
-1.288709253397440913e+00 -1.706893730869730452e-01
-1.288466828910811879e+00 -1.758430710720898793e-01
-1.288201278524804705e+00 -1.809936647474844063e-01
-1.287912630439537187e+00 -1.861410649885529567e-01
-1.287600913065803043e+00 -1.912851828883760930e-01
-1.287266155023908842e+00 -1.964259297568884954e-01
-1.286908385142526035e+00 -2.015632171200472667e-01
-1.286527632457552528e+00 -2.066969567190010126e-01
-1.286123926210997803e+00 -2.118270605092589798e-01
-1.285697295849876909e+00 -2.169534406598589704e-01
-1.285247771025125996e+00 -2.220760095525360633e-01
-1.284775381590524068e+00 -2.271946797808922502e-01
-1.284280157601633388e+00 -2.323093641495648787e-01
-1.283762129314761635e+00 -2.374199756733958167e-01
-1.283221327185925409e+00 -2.425264275766018385e-01
-1.282657781869839031e+00 -2.476286332919446775e-01
-1.282071524218912018e+00 -2.527265064599014122e-01
-1.281462585282268085e+00 -2.578199609278363780e-01
-1.280830996304762825e+00 -2.629089107491727750e-01
-1.280176788726035353e+00 -2.679932701825661900e-01
-1.279499994179563283e+00 -2.730729536910782018e-01
-1.278800644491730365e+00 -2.781478759413502644e-01
-1.278078771680913883e+00 -2.832179518027801435e-01
-1.277334407956577156e+00 -2.882830963466983532e-01
-1.276567585718392017e+00 -2.933432248455465907e-01
-1.275778337555356190e+00 -2.983982527720559497e-01
-1.274966696244933750e+00 -3.034480957984271310e-01
-1.274132694752212025e+00 -3.084926697955137631e-01
-1.273276366229063150e+00 -3.135318908320031683e-01
-1.272397744013328280e+00 -3.185656751736031245e-01
-1.271496861628008901e+00 -3.235939392822269056e-01
-1.270573752780473908e+00 -3.286165998151804879e-01
-1.269628451361676458e+00 -3.336335736243528638e-01
-1.268660991445390795e+00 -3.386447777554075222e-01
-1.267671407287457308e+00 -3.436501294469736512e-01
-1.266659733325034898e+00 -3.486495461298426135e-01
-1.265626004175880892e+00 -3.536429454261641459e-01
-1.264570254637628066e+00 -3.586302451486442222e-01
-1.263492519687088755e+00 -3.636113632997470257e-01
-1.262392834479555193e+00 -3.685862180708968650e-01
-1.261271234348130710e+00 -3.735547278416836980e-01
-1.260127754803057831e+00 -3.785168111790691015e-01
-1.258962431531067017e+00 -3.834723868365971233e-01
-1.257775300394737394e+00 -3.884213737536053590e-01
-1.256566397431864601e+00 -3.933636910544389687e-01
-1.255335758854848160e+00 -3.982992580476669708e-01
-1.254083421050086633e+00 -4.032279942253016447e-01
-1.252809420577380761e+00 -4.081498192620199306e-01
-1.251513794169360816e+00 -4.130646530143875506e-01
-1.250196578730910391e+00 -4.179724155200853497e-01
-1.248857811338614621e+00 -4.228730269971396338e-01
-1.247497529240215508e+00 -4.277664078431530625e-01
-1.246115769854074573e+00 -4.326524786345405937e-01
-1.244712570768659043e+00 -4.375311601257660388e-01
-1.243287969742022936e+00 -4.424023732485845017e-01
-1.241842004701314339e+00 -4.472660391112842082e-01
-1.240374713742286694e+00 -4.521220789979339405e-01
-1.238886135128822730e+00 -4.569704143676321939e-01
-1.237376307292471056e+00 -4.618109668537602186e-01
-1.235845268831995192e+00 -4.666436582632380592e-01
-1.234293058512927699e+00 -4.714684105757817045e-01
-1.232719715267136529e+00 -4.762851459431672319e-01
-1.231125278192418238e+00 -4.810937866884951175e-01
-1.229509786552073658e+00 -4.858942553054592106e-01
-1.227873279774520432e+00 -4.906864744576182602e-01
-1.226215797452901102e+00 -4.954703669776718833e-01
-1.224537379344708743e+00 -5.002458558667391975e-01
-1.222838065371423255e+00 -5.050128642936407841e-01
-1.221117895618149651e+00 -5.097713155941848706e-01
-1.219376910333284325e+00 -5.145211332704552332e-01
-1.217615149928173990e+00 -5.192622409901073155e-01
-1.215832654976796157e+00 -5.239945625856609057e-01
-1.214029466215440056e+00 -5.287180220538028053e-01
-1.212205624542417759e+00 -5.334325435546899419e-01
-1.210361171017757531e+00 -5.381380514112572566e-01
-1.208496146862933829e+00 -5.428344701085290325e-01
-1.206610593460585301e+00 -5.475217242929351080e-01
-1.204704552354265878e+00 -5.521997387716273131e-01
-1.202778065248184314e+00 -5.568684385118058966e-01
-1.200831174006967705e+00 -5.615277486400445106e-01
-1.198863920655427018e+00 -5.661775944416227446e-01
-1.196876347378339922e+00 -5.708179013598578821e-01
-1.194868496520238521e+00 -5.754485949954489810e-01
-1.192840410585210620e+00 -5.800696011058166235e-01
-1.190792132236700773e+00 -5.846808456044497726e-01
-1.188723704297335981e+00 -5.892822545602595108e-01
-1.186635169748750718e+00 -5.938737541969342226e-01
-1.184526571731426836e+00 -5.984552708922979969e-01
-1.182397953544539249e+00 -6.030267311776775774e-01
-1.180249358645814484e+00 -6.075880617372688697e-01
-1.178080830651393462e+00 -6.121391894075094431e-01
-1.175892413335709819e+00 -6.166800411764584711e-01
-1.173684150631377543e+00 -6.212105441831758945e-01
-1.171456086629082849e+00 -6.257306257171100228e-01
-1.169208265577489581e+00 -6.302402132174871330e-01
-1.166940731883148175e+00 -6.347392342727080639e-01
-1.164653530110423940e+00 -6.392276166197469189e-01
-1.162346704981428891e+00 -6.437052881435575413e-01
-1.160020301375958907e+00 -6.481721768764797664e-01
-1.157674364331445105e+00 -6.526282109976547785e-01
-1.155308939042910987e+00 -6.570733188324424656e-01
-1.152924070862945571e+00 -6.615074288518466572e-01
-1.150519805301675413e+00 -6.659304696719406946e-01
-1.148096188026754172e+00 -6.703423700533033269e-01
-1.145653264863352172e+00 -6.747430589004531631e-01
-1.143191081794167951e+00 -6.791324652612918955e-01
-1.140709684959433590e+00 -6.835105183265528517e-01
-1.138209120656936690e+00 -6.878771474292548760e-01
-1.135689435342055464e+00 -6.922322820441559887e-01
-1.133150675627793591e+00 -6.965758517872170374e-01
-1.130592888284824404e+00 -7.009077864150690118e-01
-1.128016120241553510e+00 -7.052280158244893515e-01
-1.125420418584178961e+00 -7.095364700518751455e-01
-1.122805830556763862e+00 -7.138330792727264340e-01
-1.120172403561316088e+00 -7.181177738011363942e-01
-1.117520185157884205e+00 -7.223904840892816370e-01
-1.114849223064649175e+00 -7.266511407269241607e-01
-1.112159565158034491e+00 -7.308996744409139712e-01
-1.109451259472820972e+00 -7.351360160946946998e-01
-1.106724354202267335e+00 -7.393600966878250969e-01
-1.103978897698241646e+00 -7.435718473554913110e-01
-1.101214938471365867e+00 -7.477711993680389302e-01
-1.098432525191157749e+00 -7.519580841304999153e-01
-1.095631706686188922e+00 -7.561324331821284161e-01
-1.092812531944247656e+00 -7.602941781959446921e-01
-1.089975050112513166e+00 -7.644432509782814744e-01
-1.087119310497735913e+00 -7.685795834683384342e-01
-1.084245362566423010e+00 -7.727031077377382040e-01
-1.081353255945033176e+00 -7.768137559900920586e-01
-1.078443040420186350e+00 -7.809114605605720350e-01
-1.075514765938868189e+00 -7.849961539154832746e-01
-1.072568482608655671e+00 -7.890677686518468015e-01
-1.069604240697943798e+00 -7.931262374969880735e-01
-1.066622090636178743e+00 -7.971714933081277543e-01
-1.063622083014099218e+00 -8.012034690719856966e-01
-1.060604268583993370e+00 -8.052220979043802629e-01
-1.057568698259951034e+00 -8.092273130498423006e-01
-1.054515423118133510e+00 -8.132190478812303391e-01
-1.051444494397046014e+00 -8.171972358993574437e-01
-1.048355963497820786e+00 -8.211618107326162930e-01
-1.045249881984501972e+00 -8.251127061366168025e-01
-1.042126301584346493e+00 -8.290498559938277445e-01
-1.038985274188124697e+00 -8.329731943132203664e-01
-1.035826851850435437e+00 -8.368826552299275523e-01
-1.032651086790020711e+00 -8.407781730048997648e-01
-1.029458031390094952e+00 -8.446596820245745318e-01
-1.026247738198678761e+00 -8.485271168005473763e-01
-1.023020259928935971e+00 -8.523804119692497405e-01
-1.019775649459528255e+00 -8.562195022916369025e-01
-1.016513959834966174e+00 -8.600443226528782237e-01
-1.013235244265973112e+00 -8.638548080620551683e-01
-1.009939556129856530e+00 -8.676508936518695370e-01
-1.006626948970886115e+00 -8.714325146783493681e-01
-1.003297476500673691e+00 -8.751996065205727149e-01
-9.999511925985715699e-01 -8.789521046803878690e-01
-9.965881513120635748e-01 -8.826899447821471290e-01
-9.932084068571791491e-01 -8.864130625724447876e-01
-9.898120136189016982e-01 -8.901213939198607816e-01
-9.863990261515893643e-01 -8.938148748147141109e-01
-9.829694991794010184e-01 -8.974934413688213652e-01
-9.795234875967322452e-01 -9.011570298152591363e-01
-9.760610464686555465e-01 -9.048055765081388646e-01
-9.725822310313666508e-01 -9.084390179223882367e-01
-9.690870966926429242e-01 -9.120572906535315827e-01
-9.655756990323020039e-01 -9.156603314174898145e-01
-9.620480938026710893e-01 -9.192480770503764775e-01
-9.585043369290618953e-01 -9.228204645083075697e-01
-9.549444845102542656e-01 -9.263774308672154678e-01
-9.513685928189844487e-01 -9.299189133226715143e-01
-9.477767183024387032e-01 -9.334448491897137101e-01
-9.441689175827588931e-01 -9.369551759026867321e-01
-9.405452474575491939e-01 -9.404498310150829488e-01
-9.369057649003917909e-01 -9.439287521993953156e-01
-9.332505270613709047e-01 -9.473918772469764882e-01
-9.295795912676001471e-01 -9.508391440679032636e-01
-9.258930150237583145e-01 -9.542704906908530127e-01
-9.221908560126331755e-01 -9.576858552629836652e-01
-9.184731720956664791e-01 -9.610851760498241303e-01
-9.147400213135126190e-01 -9.644683914351697140e-01
-9.109914618865974090e-01 -9.678354399209880832e-01
-9.072275522156877381e-01 -9.711862601273305584e-01
-9.034483508824647791e-01 -9.745207907922532886e-01
-8.996539166501082985e-01 -9.778389707717461965e-01
-8.958443084638777476e-01 -9.811407390396662542e-01
-8.920195854517097844e-01 -9.844260346876829715e-01
-8.881798069248183491e-01 -9.876947969252322101e-01
-8.843250323782990696e-01 -9.909469650794747730e-01
-8.804553214917426596e-01 -9.941824785952637633e-01
-8.765707341298515365e-01 -9.974012770351228241e-01
-8.726713303430676527e-01 -1.000603300079229818e+00
-8.687571703682029911e-01 -1.003788487525411721e+00
-8.648283146290736134e-01 -1.006956779289142734e+00
-8.608848237371456991e-01 -1.010108115403557827e+00
-8.569267584921840264e-01 -1.013242436019467396e+00
-8.529541798829081145e-01 -1.016359681405387683e+00
-8.489671490876533611e-01 -1.019459791947571858e+00
-8.449657274750370650e-01 -1.022542708150057988e+00
-8.409499766046341085e-01 -1.025608370634720989e+00
-8.369199582276543037e-01 -1.028656720141330139e+00
-8.328757342876309533e-01 -1.031687697527621461e+00
-8.288173669211081895e-01 -1.034701243769382772e+00
-8.247449184583396375e-01 -1.037697299960528285e+00
-8.206584514239932959e-01 -1.040675807313209189e+00
-8.165580285378567504e-01 -1.043636707157913346e+00
-8.124437127155560434e-01 -1.046579940943577203e+00
-8.083155670692725447e-01 -1.049505450237715687e+00
-8.041736549084700370e-01 -1.052413176726549437e+00
-8.000180397406276844e-01 -1.055303062215155130e+00
-7.958487852719756672e-01 -1.058175048627610693e+00
-7.916659554082393635e-01 -1.061029078007158732e+00
-7.874696142553884171e-01 -1.063865092516375732e+00
-7.832598261203899126e-01 -1.066683034437359012e+00
-7.790366555119705438e-01 -1.069482846171904589e+00
-7.748001671413796698e-01 -1.072264470241717893e+00
-7.705504259231596986e-01 -1.075027849288616721e+00
-7.662874969759254640e-01 -1.077772926074750393e+00
-7.620114456231433797e-01 -1.080499643482830008e+00
-7.577223373939203643e-01 -1.083207944516370036e+00
-7.534202380237954300e-01 -1.085897772299926789e+00
-7.491052134555360453e-01 -1.088569070079367762e+00
-7.447773298399459341e-01 -1.091221781222137643e+00
-7.404366535366679880e-01 -1.093855849217530540e+00
-7.360832511150017243e-01 -1.096471217676989962e+00
-7.317171893547219641e-01 -1.099067830334395479e+00
-7.273385352469006193e-01 -1.101645631046384910e+00
-7.229473559947383610e-01 -1.104204563792665184e+00
-7.185437190143985076e-01 -1.106744572676348959e+00
-7.141276919358428010e-01 -1.109265601924290801e+00
-7.096993426036817265e-01 -1.111767595887443116e+00
-7.052587390780198362e-01 -1.114250499041219866e+00
-7.008059496353100659e-01 -1.116714255985862936e+00
-6.963410427692163784e-01 -1.119158811446833823e+00
-6.918640871914740753e-01 -1.121584110275204882e+00
-6.873751518327602117e-01 -1.123990097448069214e+00
-6.828743058435677860e-01 -1.126376718068954341e+00
-6.783616185950838151e-01 -1.128743917368251193e+00
-6.738371596800722951e-01 -1.131091640703654644e+00
-6.693009989137637117e-01 -1.133419833560618484e+00
-6.647532063347454390e-01 -1.135728441552813273e+00
-6.601938522058589109e-01 -1.138017410422598630e+00
-6.556230070151042311e-01 -1.140286686041515285e+00
-6.510407414765438938e-01 -1.142536214410777795e+00
-6.464471265312141668e-01 -1.144765941661783915e+00
-6.418422333480389153e-01 -1.146975814056639731e+00
-6.372261333247527526e-01 -1.149165777988685244e+00
-6.325988980888201940e-01 -1.151335779983043262e+00
-6.279605994983686879e-01 -1.153485766697179615e+00
-6.233113096431162070e-01 -1.155615684921465380e+00
-6.186511008453114968e-01 -1.157725481579762628e+00
-6.139800456606746559e-01 -1.159815103730014174e+00
-6.092982168793397157e-01 -1.161884498564851098e+00
-6.046056875268051023e-01 -1.163933613412212909e+00
-5.999025308648865407e-01 -1.165962395735981483e+00
-5.951888203926730680e-01 -1.167970793136612562e+00
-5.904646298474892641e-01 -1.169958753351806768e+00
-5.857300332058593684e-01 -1.171926224257168192e+00
-5.809851046844765055e-01 -1.173873153866891617e+00
-5.762299187411730195e-01 -1.175799490334456632e+00
-5.714645500758981367e-01 -1.177705181953335734e+00
-5.666890736316967381e-01 -1.179590177157715303e+00
-5.619035645956916847e-01 -1.181454424523233238e+00
-5.571080984000729153e-01 -1.183297872767721026e+00
-5.523027507230853228e-01 -1.185120470751973576e+00
-5.474875974900236253e-01 -1.186922167480518153e+00
-5.426627148742282358e-01 -1.188702912102404419e+00
-5.378281792980872389e-01 -1.190462653912011337e+00
-5.329840674340383666e-01 -1.192201342349857862e+00
-5.281304562055751939e-01 -1.193918927003437602e+00
-5.232674227882589957e-01 -1.195615357608061258e+00
-5.183950446107283838e-01 -1.197290584047714823e+00
-5.135133993557166043e-01 -1.198944556355937552e+00
-5.086225649610727206e-01 -1.200577224716703917e+00
-5.037226196207793549e-01 -1.202188539465326667e+00
-4.988136417859777016e-01 -1.203778451089373869e+00
-4.938957101659960380e-01 -1.205346910229601276e+00
-4.889689037293782903e-01 -1.206893867680896903e+00
-4.840333017049158193e-01 -1.208419274393240483e+00
-4.790889835826829257e-01 -1.209923081472680018e+00
-4.741360291150739092e-01 -1.211405240182326537e+00
-4.691745183178410161e-01 -1.212865701943353525e+00
-4.642045314711383264e-01 -1.214304418336022540e+00
-4.592261491205639201e-01 -1.215721341100717723e+00
-4.542394520782069844e-01 -1.217116422138998511e+00
-4.492445214236945872e-01 -1.218489613514669001e+00
-4.442414385052421144e-01 -1.219840867454859312e+00
-4.392302849407059284e-01 -1.221170136351124924e+00
-4.342111426186362477e-01 -1.222477372760564229e+00
-4.291840936993317479e-01 -1.223762529406948074e+00
-4.241492206158973821e-01 -1.225025559181865509e+00
-4.191066060753030897e-01 -1.226266415145890853e+00
-4.140563330594422831e-01 -1.227485050529763644e+00
-4.089984848261941086e-01 -1.228681418735580566e+00
-4.039331449104857086e-01 -1.229855473338014926e+00
-3.988603971253558700e-01 -1.231007168085541226e+00
-3.937803255630185628e-01 -1.232136456901686605e+00
-3.886930145959298089e-01 -1.233243293886291170e+00
-3.835985488778544950e-01 -1.234327633316790740e+00
-3.784970133449316321e-01 -1.235389429649513371e+00
-3.733884932167439441e-01 -1.236428637520994522e+00
-3.682730739973864020e-01 -1.237445211749310880e+00
-3.631508414765335924e-01 -1.238439107335430167e+00
-3.580218817305104162e-01 -1.239410279464579601e+00
-3.528862811233610119e-01 -1.240358683507627902e+00
-3.477441263079183997e-01 -1.241284275022495276e+00
-3.425955042268736261e-01 -1.242187009755570948e+00
-3.374405021138467409e-01 -1.243066843643151120e+00
-3.322792074944544427e-01 -1.243923732812899807e+00
-3.271117081873804455e-01 -1.244757633585324541e+00
-3.219380923054427357e-01 -1.245568502475270956e+00
-3.167584482566629389e-01 -1.246356296193436686e+00
-3.115728647453331890e-01 -1.247120971647901921e+00
-3.063814307730816644e-01 -1.247862485945680833e+00
-3.011842356399392906e-01 -1.248580796394294312e+00
-2.959813689454041108e-01 -1.249275860503355595e+00
-2.907729205895037694e-01 -1.249947635986178085e+00
-2.855589807738589947e-01 -1.250596080761406492e+00
-2.803396400027423629e-01 -1.251221152954663740e+00
-2.751149890841389500e-01 -1.251822810900213412e+00
-2.698851191308023201e-01 -1.252401013142649955e+00
-2.646501215613095703e-01 -1.252955718438606869e+00
-2.594100881011163207e-01 -1.253486885758475999e+00
-2.541651107836062073e-01 -1.253994474288162797e+00
-2.489152819511409320e-01 -1.254478443430846246e+00
-2.436606942561054812e-01 -1.254938752808769653e+00
-2.384014406619528459e-01 -1.255375362265044314e+00
-2.331376144442446341e-01 -1.255788231865483384e+00
-2.278693091916890734e-01 -1.256177321900446842e+00
-2.225966188071764329e-01 -1.256542592886713994e+00
-2.173196375088106702e-01 -1.256884005569371743e+00
-2.120384598309375535e-01 -1.257201520923727278e+00
-2.067531806251699800e-01 -1.257495100157242085e+00
-2.014638950614084656e-01 -1.257764704711488157e+00
-1.961706986288589138e-01 -1.258010296264120864e+00
-1.908736871370457777e-01 -1.258231836730877795e+00
-1.855729567168203642e-01 -1.258429288267604473e+00
-1.802686038213658082e-01 -1.258602613272284509e+00
-1.749607252271968560e-01 -1.258751774387112832e+00
-1.696494180351549308e-01 -1.258876734500578687e+00
-1.643347796713979514e-01 -1.258977456749572177e+00
-1.590169078883857390e-01 -1.259053904521516554e+00
-1.536959007658592613e-01 -1.259106041456521607e+00
-1.483718567118148257e-01 -1.259133831449559260e+00
-1.430448744634725822e-01 -1.259137238652663360e+00
-1.377150530882379209e-01 -1.259116227477148131e+00
-1.323824919846593451e-01 -1.259070762595855264e+00
-1.270472908833765457e-01 -1.259000808945423211e+00
-1.217095498480650628e-01 -1.258906331728576466e+00
-1.163693692763720505e-01 -1.258787296416441714e+00
-1.110268499008463666e-01 -1.258643668750885514e+00
-1.056820927898603907e-01 -1.258475414746876409e+00
-1.003351993485254723e-01 -1.258282500694871686e+00
-9.498627131959881675e-02 -1.258064893163228337e+00
-8.963541078438309884e-02 -1.257822559000636442e+00
-8.428272016361787466e-02 -1.257555465338575207e+00
-7.892830221836248661e-02 -1.257263579593798308e+00
-7.357226005087043330e-02 -1.256946869470842332e+00
-6.821469710545510767e-02 -1.256605302964556525e+00
-6.285571716934659769e-02 -1.256238848362662308e+00
-5.749542437353847429e-02 -1.255847474248330098e+00
-5.213392319362596117e-02 -1.255431149502790333e+00
-4.677131845063382809e-02 -1.254989843307963149e+00
-4.140771531183420895e-02 -1.254523525149116914e+00
-3.604321929155440002e-02 -1.254032164817549866e+00
-3.067793625197371213e-02 -1.253515732413294392e+00
-2.531197240390987632e-02 -1.252974198347858614e+00
-1.994543430759399341e-02 -1.252407533346977520e+00
-1.457842887343440211e-02 -1.251815708453402287e+00
-9.211063362768697263e-03 -1.251198695029712926e+00
-3.843445388603942883e-03 -1.250556464761148012e+00
1.524317083655432918e-03 -1.249888989658477945e+00
6.892115735492182656e-03 -1.249196242060885975e+00
1.225984189457358584e-02 -1.248478194638888983e+00
1.762738653406189376e-02 -1.247734820397276678e+00
2.299464027193815971e-02 -1.246966092678086557e+00
2.836149337033978812e-02 -1.246171985163596840e+00
3.372783573491197617e-02 -1.245352471879344058e+00
3.909355691417364109e-02 -1.244507527197182384e+00
4.445854609889784981e-02 -1.243637125838353175e+00
4.982269212150703536e-02 -1.242741242876595154e+00
5.518588345548390561e-02 -1.241819853741268354e+00
6.054800821479743023e-02 -1.240872934220517587e+00
6.590895415334516172e-02 -1.239900460464462562e+00
7.126860866441145359e-02 -1.238902408988403092e+00
7.662685878014274810e-02 -1.237878756676065839e+00
8.198359117103910798e-02 -1.236829480782875468e+00
8.733869214546374771e-02 -1.235754558939245795e+00
9.269204764916950945e-02 -1.234653969153909792e+00
9.804354326484406024e-02 -1.233527689817273565e+00
1.033930642116728388e-01 -1.232375699704792105e+00
1.087404953449207512e-01 -1.231197977980380776e+00
1.140857211555333789e-01 -1.229994504199857230e+00
1.194286257697570880e-01 -1.228765258314405528e+00
1.247690929487795530e-01 -1.227510220674069341e+00
1.301070060883899038e-01 -1.226229372031273579e+00
1.354422482186594390e-01 -1.224922693544381769e+00
1.407747020036443086e-01 -1.223590166781271860e+00
1.461042497411081664e-01 -1.222231773722946446e+00
1.514307733622673457e-01 -1.220847496767171414e+00
1.567541544315588786e-01 -1.219437318732143449e+00
1.620742741464290815e-01 -1.218001222860182420e+00
1.673910133371472042e-01 -1.216539192821459281e+00
1.727042524666418666e-01 -1.215051212717747298e+00
1.780138716303599766e-01 -1.213537267086209459e+00
1.833197505561526830e-01 -1.211997340903206544e+00
1.886217686041828934e-01 -1.210431419588136492e+00
1.939198047668602154e-01 -1.208839489007310197e+00
1.992137376688007666e-01 -1.207221535477845276e+00
2.045034455668118256e-01 -1.205577545771600256e+00
2.097888063499053490e-01 -1.203907507119125420e+00
2.150696975393356081e-01 -1.202211407213657379e+00
2.203459962886667733e-01 -1.200489234215129430e+00
2.256175793838663679e-01 -1.198740976754226972e+00
2.308843232434280857e-01 -1.196966623936450924e+00
2.361461039185231703e-01 -1.195166165346231990e+00
2.414027970931805211e-01 -1.193339591051058246e+00
2.466542780844974414e-01 -1.191486891605644693e+00
2.519004218428795294e-01 -1.189608058056120354e+00
2.571411029523127945e-01 -1.187703081944253114e+00
